50 99.9 113 175 188 188 188 188 44495.47
50 99.9 120 181 187 187 187 187 44008.86
50 99.9 115 175 186 187 187 187 43335.39
40 99.9 135 184 187 187 187 187 41426.06
40 99.9 131 177 186 186 186 186 41565.17
40 99.9 112 177 187 187 187 187 42041.82
30 99.9 116 179 186 186 186 187 40349.97
30 99.9 108 171 186 187 187 187 41879.94
30 99.9 121 175 187 187 188 188 41695.37
20 99.9 120 178 186 187 188 188 39104.37
20 99.9 107 168 186 186 186 186 40956.76
20 99.9 103 173 187 187 187 187 41063.60
10 99.9 138 184 187 187 187 187 37111.26
10 99.9 128 182 187 187 187 187 34791.66
10 99.9 119 179 186 186 186 186 34196.10
1 99.9 150 181 185 185 187 187 14337.98
1 99.9 142 180 186 186 186 186 14573.41
1 99.9 144 180 186 186 186 186 14841.56
