50 99.9 67 91 93 93 93 93 30500.85
50 99.9 63 87 94 94 94 94 29386.98
50 99.9 66 90 93 93 93 93 29831.46
40 99.9 70 90 92 93 93 93 28709.03
40 99.9 59 91 93 93 93 93 30232.63
40 99.9 69 90 93 93 93 93 29956.71
30 99.9 60 91 93 94 94 94 29230.71
30 99.9 62 90 93 93 93 93 28904.35
30 99.9 60 87 93 94 94 94 29779.23
20 99.9 63 90 94 94 94 94 26521.99
20 99.9 65 92 94 94 94 94 27425.13
20 99.9 64 91 93 93 93 93 26674.81
10 99.9 54 89 94 94 94 94 23421.02
10 99.9 65 88 93 93 93 93 22434.84
10 99.9 53 82 94 94 94 94 22120.37
1 99.9 29 71 93 93 93 93 5433.63
1 99.9 62 85 93 93 93 93 6255.05
1 99.9 32 74 93 93 93 93 5355.98
