50 99.9 12 49 176 230 278 280 20929.81
50 99.9 12 68 225 252 276 279 22576.17
50 99.9 13 65 251 274 279 279 23348.08
40 99.9 22 65 213 263 279 279 22214.86
40 99.9 27 83 226 266 281 282 22323.95
40 99.9 23 87 242 261 277 279 21970.76
30 99.9 14 60 227 270 280 280 21876.82
30 99.9 29 95 245 268 281 281 21709.20
30 99.9 15 67 201 251 277 277 20614.38
20 99.9 39 108 260 279 279 279 21941.31
20 99.9 57 132 251 277 280 280 21601.75
20 99.9 24 98 235 264 277 279 20233.31
10 99.9 3 78 276 279 279 279 19929.69
10 99.9 13 95 267 278 279 279 20362.80
10 99.9 17 107 272 280 281 281 19954.29
1 99.9 94 225 277 277 279 279 12266.10
1 99.9 87 229 278 279 279 279 11980.95
1 99.9 88 214 276 276 277 279 12299.97
