50 99.9 204 271 281 281 281 281 30469.62
50 99.9 218 276 280 280 281 281 30740.09
50 99.9 220 274 279 279 279 279 28723.95
40 99.9 198 277 279 279 279 279 29710.00
40 99.9 223 269 280 280 280 280 29499.33
40 99.9 208 273 279 279 279 279 28038.82
30 99.9 216 275 279 279 280 280 28275.20
30 99.9 219 270 280 280 280 280 29403.66
30 99.9 204 273 279 279 279 279 29973.18
20 99.9 202 271 279 279 279 279 28949.29
20 99.9 215 275 279 279 279 279 28072.82
20 99.9 199 275 279 279 279 280 26629.43
10 99.9 198 270 279 279 279 279 27907.95
10 99.9 204 279 279 279 279 279 27315.93
10 99.9 214 272 281 281 281 281 27625.87
1 99.9 226 276 279 280 280 280 10904.81
1 99.9 205 276 280 280 280 280 11452.07
1 99.9 206 275 279 279 279 279 11021.13
