50 99.9 204 274 279 279 279 279 35805.36
50 99.9 214 278 280 280 281 281 38672.39
50 99.9 206 267 280 280 280 280 34370.77
40 99.9 214 266 279 279 279 279 35384.81
40 99.9 215 274 279 279 279 279 34669.97
40 99.9 206 278 281 281 281 282 35109.02
30 99.9 218 276 279 279 279 279 34247.71
30 99.9 210 276 279 279 279 279 32713.21
30 99.9 205 273 282 282 282 282 34921.63
20 99.9 211 274 279 279 279 279 31693.26
20 99.9 211 271 280 280 280 280 35836.94
20 99.9 207 271 281 281 281 281 34752.50
10 99.9 219 274 281 281 281 281 31888.02
10 99.9 217 272 281 281 281 281 32078.87
10 99.9 214 277 280 280 280 280 32419.03
1 99.9 216 273 280 281 281 281 11420.91
1 99.9 212 275 281 281 281 281 13418.01
1 99.9 202 273 280 281 281 281 11792.37
