50 66.7 0 0 0 0 2 2 9546.96
50 66.7 0 0 0 0 3 4 9292.24
50 87.5 0 0 1 1 8 12 9588.20
40 46.7 0 0 0 0 0 0 9032.09
40 60.0 0 0 0 0 1 3 9353.01
40 99.9 1 1 1 1 3 10 9473.21
30 99.9 1 1 1 1 3 6 8938.40
30 53.3 0 0 0 0 0 2 8588.20
30 99.9 1 1 1 1 2 3 8727.60
20 60.0 0 0 0 0 1 1 8137.02
20 62.5 0 0 0 0 1 2 7981.31
20 60.0 0 0 0 0 2 9 8453.43
10 66.7 0 0 0 0 1 1 6620.32
10 46.7 0 0 0 0 0 0 6645.14
10 60.0 0 0 0 0 1 5 6846.74
1 60.0 0 0 0 0 2 2 2502.40
1 66.7 0 0 0 0 4 5 2491.49
1 73.3 0 0 0 1 4 5 2566.81
