50 99.9 160 258 280 280 280 280 54878.26
50 99.9 157 255 279 279 280 280 52638.40
50 99.9 192 262 281 282 282 282 53658.66
40 99.9 134 243 280 280 281 281 51318.69
40 99.9 132 248 280 280 280 280 53886.17
40 99.9 153 254 281 281 281 281 53394.81
30 99.9 153 249 280 280 280 280 51975.74
30 99.9 168 256 282 282 282 282 49716.12
30 99.9 144 262 279 279 279 280 48629.49
20 99.9 120 248 279 279 279 279 48679.84
20 99.9 139 255 279 279 279 279 48700.63
20 99.9 155 253 282 282 282 282 47835.63
10 99.9 184 265 279 279 279 279 48079.08
10 99.9 187 264 279 279 279 281 47913.67
10 99.9 179 260 279 279 279 279 47687.90
1 99.9 208 273 280 280 280 280 21083.96
1 99.9 208 273 279 279 279 279 19627.59
1 99.9 209 275 279 279 279 279 21848.52
