50 99.9 143 184 187 187 187 187 30296.42
50 99.9 152 184 188 188 188 188 30827.71
50 99.9 114 178 187 187 187 187 30950.15
40 99.9 143 181 187 187 187 187 30034.13
40 99.9 141 181 187 187 188 188 31446.38
40 99.9 138 181 186 187 187 187 31417.31
30 99.9 149 185 186 186 186 186 27773.92
30 99.9 144 184 187 187 187 187 31710.20
30 99.9 146 182 187 187 187 187 30863.12
20 99.9 147 182 186 186 187 188 29866.66
20 99.9 143 183 186 186 187 187 30004.12
20 99.9 124 183 187 187 187 187 29548.87
10 99.9 142 185 187 187 187 187 27386.29
10 99.9 141 183 186 186 186 187 27631.39
10 99.9 147 183 186 186 186 186 26692.30
1 99.9 128 179 186 187 187 187 9042.94
1 99.9 137 184 186 186 186 187 9975.87
1 99.9 144 182 186 186 186 186 9157.26
