50 93.3 0 1 22 24 57 126 12775.13
50 93.3 0 1 5 12 50 117 12014.95
50 99.9 1 1 4 11 79 152 13556.80
40 80.0 0 0 2 7 19 102 11553.37
40 86.7 0 0 2 3 7 44 10475.55
40 86.7 0 0 3 3 13 53 10948.35
30 81.2 0 0 2 8 34 104 11936.64
30 86.7 0 0 7 15 31 79 11695.30
30 93.3 0 2 8 15 35 104 11352.30
20 93.3 0 1 5 17 56 122 11352.71
20 99.9 1 2 3 5 30 87 10569.72
20 93.3 0 1 2 5 30 97 11017.31
10 99.9 1 1 8 25 115 167 11954.70
10 80.0 0 0 3 13 96 165 11720.81
10 73.3 0 0 0 6 96 165 11978.62
1 93.3 0 2 70 126 183 184 5983.58
1 87.5 0 0 72 131 183 184 5868.91
1 93.3 0 5 94 148 184 184 5948.50
