50 68.8 0 0 0 0 4 29 10998.47
50 66.7 0 0 0 0 1 15 11395.38
50 73.3 0 0 0 3 4 18 11380.59
40 75.0 0 0 0 1 1 15 11130.90
40 66.7 0 0 0 0 2 15 11169.38
40 62.5 0 0 0 0 3 21 11094.02
30 80.0 0 0 1 1 8 26 10842.03
30 56.2 0 0 0 0 0 27 10314.22
30 66.7 0 0 0 0 4 20 10572.56
20 66.7 0 0 0 0 2 17 9637.16
20 66.7 0 0 0 0 1 24 9517.90
20 93.3 0 1 2 2 6 16 10060.35
10 53.3 0 0 0 0 0 2 8165.15
10 86.7 0 0 1 2 9 11 8304.19
10 60.0 0 0 0 0 1 6 7947.86
1 80.0 0 0 2 13 31 42 3543.92
1 80.0 0 0 2 20 47 57 3655.14
1 75.0 0 0 0 6 28 37 3419.25
