50 99.9 1 37 229 268 280 280 22981.42
50 99.9 2 22 123 233 280 280 20811.25
50 99.9 4 25 209 262 280 280 21633.49
40 99.9 1 14 111 231 279 279 19470.93
40 99.9 1 22 214 271 280 280 22219.98
40 99.9 8 63 237 272 280 280 22915.73
30 99.9 4 38 181 257 280 280 21326.98
30 99.9 18 63 203 260 281 282 21851.06
30 99.9 3 18 134 225 280 280 20449.48
20 99.9 35 169 273 278 279 279 24007.42
20 99.9 38 155 271 278 279 279 23478.05
20 99.9 44 143 259 270 279 279 23207.70
10 99.9 37 167 278 279 279 279 23217.67
10 99.9 54 193 279 279 279 279 22766.31
10 99.9 46 180 279 281 281 281 23300.47
1 99.9 73 178 275 278 282 282 15881.21
1 99.9 61 155 274 277 279 279 16777.61
1 99.9 69 192 276 278 278 278 16293.44
