50 99.9 148 180 186 186 186 186 38083.49
50 99.9 143 185 187 187 187 187 33861.94
50 99.9 144 184 186 186 186 188 38729.15
40 99.9 140 178 186 186 186 186 37491.52
40 99.9 143 182 187 187 187 187 36659.68
40 99.9 139 182 187 187 187 187 36111.58
30 99.9 136 186 188 188 188 188 35369.05
30 99.9 139 181 186 186 187 187 33570.78
30 99.9 151 185 187 187 187 188 37061.00
20 99.9 138 180 186 186 186 186 33140.07
20 99.9 146 179 187 187 187 187 35303.13
20 99.9 138 178 186 186 186 186 34608.36
10 99.9 125 181 187 187 187 187 31260.08
10 99.9 135 184 186 186 187 187 29794.64
10 99.9 132 183 188 188 188 188 30707.35
1 99.9 138 178 186 186 186 186 11649.07
1 99.9 138 180 185 186 186 186 10576.86
1 99.9 136 181 187 187 187 187 11729.68
