50 99.9 210 266 280 280 281 281 42943.68
50 99.9 171 274 280 280 281 281 44460.50
50 99.9 203 266 279 279 280 280 44361.14
40 99.9 199 271 280 280 280 280 43417.18
40 99.9 210 276 281 281 281 281 44405.29
40 99.9 184 269 278 279 279 279 42621.07
30 99.9 197 276 282 282 282 282 42403.18
30 99.9 203 274 280 280 280 280 42678.81
30 99.9 197 275 280 281 281 282 41051.93
20 99.9 203 271 279 279 279 279 41169.56
20 99.9 206 275 280 280 280 280 41684.23
20 99.9 201 271 281 281 281 282 41321.37
10 99.9 220 277 280 280 280 280 38725.05
10 99.9 203 267 280 280 280 280 37187.49
10 99.9 195 271 280 280 281 281 37998.94
1 99.9 214 274 279 279 279 279 16694.25
1 99.9 199 271 281 282 282 282 15420.03
1 99.9 204 269 278 278 280 280 16344.01
