50 99.9 51 144 185 186 186 186 44748.65
50 99.9 74 162 186 186 186 186 42546.05
50 99.9 59 155 186 186 186 186 46046.39
40 99.9 41 154 187 187 187 187 48593.77
40 99.9 46 150 186 186 186 186 46871.09
40 99.9 64 154 186 186 186 186 44227.04
30 99.9 52 136 188 188 188 188 48558.06
30 99.9 55 158 187 187 187 187 41788.59
30 99.9 56 143 186 186 186 186 39641.89
20 99.9 72 148 185 186 186 186 35737.03
20 99.9 64 154 186 186 186 186 37263.55
20 99.9 56 147 187 187 187 187 36529.59
10 99.9 74 154 186 186 186 186 40789.21
10 99.9 47 141 186 187 188 188 40546.99
10 99.9 62 146 186 186 187 187 42990.74
1 99.9 122 179 184 186 186 187 18054.96
1 99.9 133 179 186 186 186 186 18758.72
1 99.9 132 179 187 187 188 188 18858.01
