50 99.9 23 69 92 93 93 93 24875.25
50 99.9 25 72 93 93 93 93 26770.38
50 99.9 31 80 93 93 93 93 27506.20
40 99.9 21 75 93 93 93 93 28392.48
40 99.9 22 67 94 94 94 94 27477.72
40 99.9 25 70 92 93 93 93 26688.35
30 99.9 25 76 93 93 93 93 28339.41
30 99.9 21 67 93 93 93 93 26770.35
30 99.9 17 62 93 93 93 93 26184.54
20 99.9 15 66 93 93 93 93 24891.72
20 99.9 13 72 93 93 93 93 24101.53
20 99.9 21 64 93 93 93 93 24485.44
10 99.9 12 63 92 93 93 93 21340.31
10 99.9 29 71 93 93 93 93 21128.28
10 99.9 23 74 93 93 93 93 21217.65
1 99.9 8 33 90 92 93 93 8783.59
1 99.9 23 59 90 92 93 93 9768.99
1 99.9 13 36 88 94 94 94 9273.09
