50 93.3 0 1 17 37 112 238 14262.55
50 93.8 0 5 55 110 243 278 17232.39
50 93.3 0 3 16 33 148 257 15346.67
40 93.3 0 5 23 28 133 243 14171.68
40 86.7 0 0 21 36 145 234 14412.60
40 99.9 1 1 13 49 150 243 14770.76
30 93.3 0 2 28 55 155 254 14582.40
30 87.5 0 0 12 32 146 263 14413.62
30 93.3 0 1 18 37 147 247 13641.16
20 86.7 0 0 6 14 87 227 12622.41
20 93.3 0 1 4 13 101 227 13184.47
20 99.9 1 1 14 31 142 238 13530.80
10 86.7 0 0 31 122 261 277 14404.78
10 86.7 0 0 41 141 261 280 15447.46
10 86.7 0 0 53 130 263 279 14937.69
1 99.9 4 28 232 269 279 279 6731.34
1 99.9 2 59 247 273 276 279 7084.95
1 99.9 3 47 257 276 278 278 7103.97
