50 86.7 0 0 17 31 60 147 13467.20
50 80.0 0 0 1 10 30 105 12908.76
50 73.3 0 0 0 1 10 112 12387.14
40 86.7 0 0 3 3 12 88 12229.42
40 80.0 0 0 2 3 15 100 12189.48
40 93.3 0 1 6 18 62 145 13517.40
30 66.7 0 0 0 0 6 80 11727.17
30 75.0 0 0 0 13 44 113 12741.81
30 81.2 0 0 3 11 40 100 12680.54
20 80.0 0 0 4 10 33 105 11501.80
20 73.3 0 0 0 1 19 79 11366.24
20 66.7 0 0 0 0 13 86 10973.64
10 80.0 0 0 2 4 20 80 10249.48
10 80.0 0 0 5 20 43 86 10352.15
10 86.7 0 0 3 7 29 95 10048.04
1 87.5 0 0 69 110 167 181 5289.85
1 93.3 0 1 61 117 180 184 5447.88
1 86.7 0 0 39 97 176 184 5219.62
