50 99.9 136 181 186 186 186 186 31565.03
50 99.9 136 179 186 186 186 186 29488.79
50 99.9 128 174 185 186 186 186 29110.48
40 99.9 140 179 186 186 186 187 30468.02
40 99.9 132 181 186 186 186 186 31204.63
40 99.9 138 181 186 186 186 186 30558.55
30 99.9 144 187 187 187 188 188 29564.75
30 99.9 132 182 186 186 186 186 31139.12
30 99.9 139 180 186 186 186 186 29843.30
20 99.9 145 184 186 186 186 186 30427.22
20 99.9 133 180 186 186 186 186 30226.31
20 99.9 141 182 186 186 186 186 29386.91
10 99.9 134 179 186 186 186 186 26147.84
10 99.9 137 181 183 183 184 185 25535.33
10 99.9 138 182 184 184 184 184 26422.23
1 99.9 127 181 185 185 185 185 8155.87
1 99.9 137 178 188 188 188 188 9641.18
1 99.9 130 179 185 185 185 185 7928.42
