50 99.9 1 3 82 138 258 280 18311.86
50 99.9 3 7 32 69 226 280 16476.37
50 86.7 0 0 54 120 254 281 17951.11
40 99.9 1 12 106 169 271 279 19237.11
40 99.9 8 16 94 159 259 280 18750.55
40 99.9 3 14 110 168 272 279 19225.86
30 99.9 1 5 45 73 237 281 16257.86
30 99.9 1 9 117 189 272 279 18867.80
30 86.7 0 0 70 141 253 279 17686.22
20 99.9 1 11 70 115 263 281 16729.50
20 99.9 1 8 47 96 252 279 16278.60
20 99.9 1 4 95 165 272 282 17945.65
10 93.3 0 9 202 254 279 279 18140.73
10 93.3 0 11 203 257 281 281 17949.12
10 93.3 0 14 195 260 278 279 18218.20
1 99.9 58 189 277 278 278 279 8651.18
1 99.9 48 177 279 279 279 280 8282.86
1 99.9 57 202 278 278 278 278 8625.76
