50 86.7 0 0 16 99 186 186 19203.12
50 99.9 2 6 31 122 186 186 19402.05
50 99.9 1 12 43 121 186 187 19455.88
40 99.9 1 4 78 157 187 187 19556.10
40 99.9 1 5 29 112 186 186 19335.08
40 93.3 0 2 32 114 185 186 19517.92
30 93.3 0 12 78 138 185 186 20422.25
30 99.9 6 13 48 112 186 186 18181.98
30 99.9 1 5 29 104 187 187 17628.52
20 99.9 5 18 77 128 186 186 18989.60
20 99.9 27 67 141 160 188 188 23953.21
20 99.9 14 49 117 150 185 186 23449.54
10 99.9 6 23 150 178 186 186 18590.11
10 99.9 4 62 178 187 187 187 20845.96
10 99.9 10 58 178 186 186 186 21206.30
1 99.9 29 115 185 185 186 186 11581.64
1 99.9 51 139 185 185 185 185 11161.81
1 99.9 39 129 184 185 185 185 10870.09
