50 86.7 0 0 11 36 154 185 15806.79
50 93.3 0 1 5 8 108 182 14854.33
50 93.3 0 3 20 38 137 186 15959.15
40 86.7 0 0 8 10 108 185 14669.03
40 93.8 0 3 30 41 131 186 15976.99
40 93.3 0 1 16 32 122 184 15384.58
30 93.3 0 2 10 15 128 185 14553.09
30 86.7 0 0 7 12 92 182 14295.33
30 99.9 1 1 10 13 111 182 14485.08
20 93.3 0 1 11 18 94 184 14289.32
20 93.3 0 1 5 13 108 185 13786.58
20 93.3 0 1 32 44 131 183 14476.85
10 87.5 0 0 25 71 169 186 14642.98
10 93.3 0 1 24 52 147 186 14112.98
10 93.3 0 2 13 34 140 186 14076.31
1 93.3 0 35 167 183 185 186 6873.67
1 99.9 1 31 162 182 186 186 6897.65
1 99.9 2 30 164 179 185 186 6726.21
