50 99.9 28 70 93 93 93 93 40569.22
50 99.9 26 69 93 93 93 93 38868.39
50 99.9 33 72 92 93 93 93 38112.48
40 99.9 23 80 94 94 94 94 39128.91
40 99.9 41 83 94 94 94 94 38567.85
40 99.9 37 76 93 93 93 93 37239.12
30 99.9 23 75 94 94 94 94 37404.16
30 99.9 25 66 92 94 94 94 37398.83
30 99.9 22 73 93 94 94 94 37370.06
20 99.9 30 72 94 94 94 94 36056.42
20 99.9 29 72 94 94 94 94 34264.90
20 99.9 31 78 93 93 94 94 35042.28
10 99.9 18 58 93 93 93 93 26469.06
10 99.9 29 80 94 94 94 94 23065.99
10 99.9 31 78 93 93 93 94 25180.56
1 99.9 30 60 93 93 93 93 9437.63
1 99.9 37 75 93 93 93 93 8937.64
1 99.9 34 65 92 92 92 92 8699.02
