50 99.9 1 9 113 186 254 278 17819.48
50 99.9 2 13 105 149 221 258 16712.26
50 99.9 2 29 151 194 264 277 18084.30
40 99.9 4 16 78 148 242 275 17125.59
40 99.9 1 14 77 134 226 270 16518.59
40 99.9 2 11 70 126 222 261 16037.62
30 93.3 0 3 44 77 188 254 15208.35
30 99.9 2 5 36 84 201 262 15194.11
30 93.3 0 3 44 104 226 268 15337.05
20 93.3 0 5 53 106 229 275 15219.64
20 99.9 1 4 50 94 201 267 15199.02
20 99.9 1 4 41 99 243 275 15205.40
10 93.3 0 2 77 181 277 279 15586.26
10 99.9 2 3 99 198 277 278 15270.39
10 99.9 1 3 85 194 279 279 15245.52
1 99.9 12 81 249 269 275 275 7486.83
1 99.9 13 93 270 275 277 277 7555.02
1 99.9 7 78 265 276 277 277 7770.65
