50 86.7 0 0 3 14 90 93 17648.39
50 80.0 0 0 3 20 89 93 17102.18
50 86.7 0 0 6 26 92 94 17035.62
40 86.7 0 0 6 19 91 94 17562.24
40 99.9 1 1 3 18 90 93 16911.98
40 86.7 0 0 3 14 91 93 17219.61
30 99.9 1 2 13 23 91 93 17072.77
30 81.2 0 0 6 22 89 93 17450.67
30 86.7 0 0 2 19 90 93 16608.36
20 86.7 0 0 7 24 93 93 16309.33
20 99.9 1 2 5 18 88 93 16121.91
20 99.9 1 2 11 19 88 94 16759.21
10 99.9 1 1 9 20 78 93 15129.69
10 93.3 0 1 3 13 77 93 14536.36
10 86.7 0 0 3 8 74 93 14973.48
1 93.3 0 1 40 75 93 93 6225.33
1 93.3 0 1 36 82 92 93 5793.10
1 93.8 0 1 16 64 93 93 6142.13
