50 75.0 0 0 0 5 34 48 10879.27
50 99.9 1 2 2 3 13 54 11009.50
50 66.7 0 0 0 0 15 34 10533.51
40 81.2 0 0 1 6 40 72 11265.98
40 81.2 0 0 2 8 33 79 10721.97
40 80.0 0 0 1 4 37 69 11168.81
30 73.3 0 0 0 1 11 19 9946.13
30 73.3 0 0 0 1 26 54 10221.42
30 86.7 0 0 3 8 26 49 10161.96
20 66.7 0 0 0 0 13 33 9584.23
20 73.3 0 0 0 2 13 44 9963.82
20 73.3 0 0 0 1 28 75 10500.79
10 73.3 0 0 0 3 33 85 8920.39
10 73.3 0 0 0 2 14 44 8565.48
10 73.3 0 0 0 1 3 25 8333.57
1 86.7 0 0 6 25 96 136 4318.19
1 80.0 0 0 11 60 133 163 4640.21
1 86.7 0 0 29 95 158 171 4648.65
