50 80.0 0 0 1 1 31 85 13910.36
50 86.7 0 0 2 2 21 89 13903.76
50 80.0 0 0 2 2 40 82 15291.53
40 73.3 0 0 0 2 26 86 13635.11
40 93.8 0 1 1 2 25 87 13771.49
40 80.0 0 0 1 1 26 87 13199.92
30 80.0 0 0 2 4 28 81 12880.71
30 93.3 0 1 2 4 22 78 13143.26
30 68.8 0 0 0 0 20 81 13057.42
20 81.2 0 0 2 4 27 85 12273.31
20 86.7 0 0 2 8 30 77 12313.57
20 80.0 0 0 1 1 21 86 12033.95
10 73.3 0 0 0 1 12 61 10561.96
10 99.9 1 1 1 2 18 67 10742.21
10 80.0 0 0 1 8 16 60 10910.46
1 86.7 0 0 9 23 70 90 4195.22
1 86.7 0 0 32 61 92 93 4724.13
1 93.3 0 1 47 85 93 94 5103.15
