50 99.9 207 273 279 279 279 279 36837.81
50 99.9 207 274 279 279 279 281 36611.72
50 99.9 209 266 279 279 280 280 35596.98
40 99.9 232 273 280 280 281 281 36202.94
40 99.9 212 278 279 279 279 279 37596.50
40 99.9 214 274 279 279 279 279 37078.36
30 99.9 205 276 280 280 280 280 35105.95
30 99.9 209 273 279 279 279 279 35730.24
30 99.9 196 275 280 280 280 281 34919.95
20 99.9 212 272 279 279 279 279 34720.49
20 99.9 215 276 281 281 281 281 35057.69
20 99.9 210 273 280 280 280 280 34359.80
10 99.9 219 276 280 280 280 280 33034.56
10 99.9 213 277 279 279 279 279 30534.62
10 99.9 215 270 279 280 280 280 31441.23
1 99.9 197 269 279 280 281 281 13954.62
1 99.9 198 272 280 280 280 281 10849.66
1 99.9 207 275 279 279 279 279 14228.29
