50 99.9 54 86 94 94 94 94 36271.10
50 99.9 58 85 92 94 94 94 34913.90
50 99.9 59 81 94 94 94 94 34341.47
40 99.9 32 69 94 94 94 94 32753.15
40 99.9 68 92 93 93 94 94 34918.16
40 99.9 44 79 93 94 94 94 34916.96
30 99.9 69 90 94 94 94 94 33468.44
30 99.9 56 87 94 94 94 94 31644.10
30 99.9 44 79 94 94 94 94 33243.52
20 99.9 57 82 94 94 94 94 31555.75
20 99.9 54 87 94 94 94 94 32322.90
20 99.9 57 90 94 94 94 94 30679.04
10 99.9 36 72 94 94 94 94 27971.53
10 99.9 24 67 92 94 94 94 25407.50
10 99.9 27 68 94 94 94 94 25508.38
1 99.9 42 74 90 93 93 93 7634.89
1 99.9 34 82 92 93 93 94 7842.10
1 99.9 55 80 94 94 94 94 8006.21
