50 99.9 206 274 279 279 279 279 28726.03
50 99.9 196 273 279 279 279 279 30452.76
50 99.9 195 276 279 279 279 279 29596.42
40 99.9 195 276 279 279 279 279 28612.19
40 99.9 211 275 279 279 279 279 28625.83
40 99.9 198 273 279 279 279 279 29791.05
30 99.9 210 275 279 279 279 279 29772.52
30 99.9 208 271 279 279 279 279 29284.68
30 99.9 214 272 279 279 279 279 30520.02
20 99.9 210 273 279 279 279 279 30217.37
20 99.9 221 278 279 279 279 279 28122.14
20 99.9 207 273 279 279 279 279 29511.95
10 99.9 197 275 279 279 279 279 27449.64
10 99.9 195 278 279 279 279 279 25741.30
10 99.9 197 268 279 279 279 279 25591.86
1 99.9 201 270 280 280 282 282 14225.88
1 99.9 224 276 279 279 279 279 13471.79
1 99.9 201 271 277 277 277 277 14011.80
