50 99.9 153 249 279 279 279 279 52354.40
50 99.9 157 248 279 280 282 282 52570.19
50 99.9 176 264 279 281 281 281 52631.76
40 99.9 150 257 282 282 282 282 52363.07
40 99.9 131 250 279 279 279 279 51229.82
40 99.9 130 243 279 279 279 279 53784.77
30 99.9 179 268 279 279 279 279 51709.62
30 99.9 148 255 279 279 279 279 47140.06
30 99.9 154 249 278 279 279 280 50827.43
20 99.9 186 259 279 279 279 279 51002.12
20 99.9 183 260 279 279 281 281 48283.85
20 99.9 182 262 280 280 281 281 51554.37
10 99.9 190 268 280 280 280 280 48564.47
10 99.9 206 273 279 279 279 279 46923.69
10 99.9 180 268 279 279 279 279 47386.34
1 99.9 206 270 276 277 279 280 23565.13
1 99.9 206 270 277 277 277 277 23066.48
1 99.9 226 276 277 278 281 281 25397.02
