50 93.3 0 5 41 85 154 186 17307.26
50 99.9 4 16 83 137 184 186 18278.60
50 99.9 1 17 92 136 181 186 19235.08
40 99.9 1 8 65 96 164 186 17669.11
40 99.9 1 9 83 133 184 186 17886.18
40 99.9 2 12 75 126 178 186 18234.14
30 93.3 0 6 84 138 183 186 17985.34
50 93.8 0 4 102 177 261 279 18482.09
50 99.9 1 4 60 112 251 277 16745.62
50 99.9 1 21 167 233 272 277 19409.60
40 99.9 5 22 111 149 257 279 17120.85
40 99.9 3 15 95 148 259 279 18048.50
40 99.9 1 5 64 122 249 280 16172.45
30 99.9 2 17 155 221 278 280 19299.24
30 99.9 4 23 173 234 271 279 19048.06
30 99.9 8 16 96 140 251 279 16381.21
20 93.3 0 11 128 190 265 279 17463.10
20 99.9 4 34 188 240 278 280 19103.60
20 99.9 3 20 105 168 262 280 17436.49
10 99.9 2 24 215 266 280 280 17699.03
10 93.3 0 28 239 275 280 281 17950.22
10 93.3 0 10 178 244 279 281 17287.02
1 99.9 27 138 277 279 279 279 8559.29
1 99.9 25 131 266 277 278 278 8142.18
1 99.9 29 137 265 276 278 278 8270.77
