50 99.9 210 276 279 279 279 279 53237.88
50 99.9 173 253 280 280 280 280 53243.98
50 99.9 169 246 279 279 279 279 53770.03
40 99.9 172 264 279 279 279 279 52600.38
40 99.9 201 274 279 279 279 279 50845.14
40 99.9 185 267 279 279 279 279 52569.93
30 99.9 208 273 279 279 279 279 50163.28
30 99.9 206 276 279 279 279 279 50448.22
30 99.9 199 268 279 279 279 279 53572.77
20 99.9 178 262 279 279 279 279 48654.56
20 99.9 212 274 279 279 279 279 49025.11
20 99.9 187 265 279 279 279 279 51891.39
10 99.9 196 273 282 282 282 282 47597.05
10 99.9 146 251 281 281 281 281 48407.96
10 99.9 170 264 280 280 280 280 46586.45
1 99.9 216 277 279 281 282 282 23060.11
1 99.9 209 276 280 281 281 281 22619.27
1 99.9 215 275 279 279 279 280 22864.96
