50 99.9 201 272 280 280 280 280 43603.88
50 99.9 220 271 281 281 281 281 41256.35
50 99.9 195 266 280 280 280 280 43455.67
40 99.9 193 275 279 280 280 280 43819.77
40 99.9 216 273 282 282 282 282 41192.87
40 99.9 214 271 280 280 280 280 42789.02
30 99.9 199 274 280 280 280 281 43449.70
30 99.9 212 277 282 282 282 282 42591.56
30 99.9 214 279 280 280 280 280 44458.06
20 99.9 211 275 280 280 280 280 41676.39
20 99.9 220 273 279 279 279 279 41786.06
20 99.9 191 273 282 282 282 282 41255.56
10 99.9 201 274 279 279 279 279 38218.28
10 99.9 197 277 282 282 282 282 37461.28
10 99.9 192 271 282 282 282 282 38800.38
1 99.9 202 273 279 279 279 279 19251.31
1 99.9 223 275 279 279 279 279 18648.76
1 99.9 218 271 276 276 277 277 16526.57
