50 99.9 4 32 181 255 277 277 20075.24
50 99.9 9 38 189 249 279 280 20942.75
50 99.9 10 43 165 233 276 279 20774.61
40 99.9 2 25 188 253 278 279 20720.37
40 99.9 10 39 211 261 280 280 20845.01
40 99.9 4 32 204 254 278 279 20790.93
30 99.9 1 10 138 231 279 279 19086.31
30 99.9 4 14 173 256 279 279 19993.17
30 99.9 4 26 177 250 281 281 20687.52
20 99.9 3 13 169 249 279 279 19454.52
20 99.9 1 10 178 238 279 279 19294.60
20 99.9 2 5 145 238 279 279 19186.96
10 99.9 10 58 194 262 280 280 19133.47
10 99.9 26 65 231 273 279 279 19690.37
10 99.9 16 54 212 263 279 279 18944.09
1 99.9 100 218 272 277 279 279 16653.16
1 99.9 112 232 277 279 279 279 16894.55
1 99.9 93 202 265 279 279 279 16345.27
