50 99.9 5 18 69 140 263 279 17160.49
50 99.9 2 13 66 130 264 278 17557.15
50 99.9 8 18 67 125 257 278 17653.42
40 99.9 7 17 68 135 260 279 17313.38
40 99.9 5 16 66 113 254 274 17469.59
40 99.9 3 18 47 137 262 277 17155.66
30 99.9 8 25 73 148 245 277 16837.10
30 99.9 7 15 60 134 265 278 16551.67
30 99.9 1 16 77 128 262 280 17295.99
20 99.9 1 5 34 108 263 279 16362.54
20 99.9 2 5 28 86 255 279 16427.97
20 93.8 0 3 27 79 258 279 16032.78
10 99.9 8 35 100 143 275 279 15862.95
10 99.9 2 6 43 101 267 277 14622.61
10 99.9 5 17 67 116 266 279 15138.72
1 99.9 2 6 19 43 252 279 7576.69
1 99.9 7 15 27 47 249 279 7867.80
1 99.9 7 21 45 84 254 279 8044.17
