50 99.9 196 273 279 279 279 279 35027.97
50 99.9 205 275 277 277 278 279 34468.02
50 99.9 200 277 279 279 279 279 34857.53
40 99.9 200 276 279 279 279 279 36060.42
40 99.9 208 274 279 279 279 279 35918.03
40 99.9 187 273 279 279 279 279 34877.15
30 99.9 204 272 279 279 279 279 35213.76
30 99.9 199 271 279 279 279 279 34532.56
30 99.9 190 275 279 279 279 279 33602.50
20 99.9 207 274 279 279 279 279 34789.16
20 99.9 201 274 279 279 279 279 31348.19
20 99.9 221 275 279 279 279 279 30964.77
10 99.9 208 272 281 281 281 281 30378.94
10 99.9 203 273 279 279 279 279 30930.73
10 99.9 209 278 279 279 279 279 31656.43
1 99.9 208 273 279 279 279 279 16120.92
1 99.9 203 277 279 279 279 279 15763.67
1 99.9 194 274 279 279 279 279 15359.98
