50 99.9 6 15 44 77 178 241 14938.36
50 99.9 3 12 47 80 178 252 14868.18
50 99.9 6 14 41 56 165 245 14540.38
40 99.9 8 21 49 73 178 275 15056.78
40 99.9 3 16 39 56 180 273 14513.74
40 99.9 5 16 31 46 173 272 14761.56
30 99.9 6 21 52 85 211 275 15369.04
30 99.9 2 16 53 76 185 269 15403.40
30 99.9 6 22 62 87 200 266 14892.53
20 99.9 1 3 21 46 176 269 14085.07
20 93.3 0 2 24 40 130 271 13852.88
20 93.3 0 2 9 13 137 256 12958.76
10 99.9 1 5 59 103 217 278 14140.34
10 93.3 0 2 60 107 218 278 13983.94
10 86.7 0 0 45 92 207 278 13927.94
1 86.7 0 0 1 9 122 267 6223.61
1 93.3 0 1 4 6 91 261 5777.17
1 86.7 0 0 2 3 101 265 5971.52
