50 99.9 75 92 93 93 93 94 30196.30
50 99.9 147 181 186 186 186 186 30750.55
50 99.9 137 183 186 186 186 186 28526.90
50 99.9 132 184 186 186 186 187 30066.67
40 99.9 140 181 186 186 186 186 30861.43
40 99.9 137 183 186 186 186 186 30521.14
40 99.9 145 182 186 186 186 186 28353.51
30 99.9 141 184 186 186 186 186 26843.89
30 99.9 138 180 187 187 187 187 29429.38
30 99.9 134 180 186 186 186 186 30294.62
20 99.9 134 184 187 187 187 187 29405.63
20 99.9 136 182 186 186 186 186 27719.73
20 99.9 145 186 186 186 186 186 27024.99
10 99.9 138 183 186 186 186 186 27193.43
10 99.9 129 178 186 186 186 186 27114.58
10 99.9 141 183 186 186 186 186 26521.80
1 99.9 134 185 186 186 186 186 10912.24
1 99.9 147 184 186 187 187 187 10870.22
1 99.9 146 184 188 188 188 188 10766.46
50 99.9 204 271 281 281 281 281 30469.62
50 99.9 218 276 280 280 281 281 30740.09
50 99.9 220 274 279 279 279 279 28723.95
40 99.9 198 277 279 279 279 279 29710.00
40 99.9 223 269 280 280 280 280 29499.33
40 99.9 208 273 279 279 279 279 28038.82
30 99.9 216 275 279 279 280 280 28275.20
30 99.9 219 270 280 280 280 280 29403.66
30 99.9 204 273 279 279 279 279 29973.18
20 99.9 202 271 279 279 279 279 28949.29
20 99.9 215 275 279 279 279 279 28072.82
20 99.9 199 275 279 279 279 280 26629.43
10 99.9 198 270 279 279 279 279 27907.95
10 99.9 204 279 279 279 279 279 27315.93
10 99.9 214 272 281 281 281 281 27625.87
1 99.9 226 276 279 280 280 280 10904.81
1 99.9 205 276 280 280 280 280 11452.07
1 99.9 206 275 279 279 279 279 11021.13
