50 99.9 65 189 276 279 280 280 26223.40
50 99.9 51 150 277 278 279 279 24495.62
50 99.9 72 187 275 279 279 279 25434.70
40 99.9 62 192 276 277 277 277 25089.49
40 99.9 74 174 279 279 279 279 25013.70
40 99.9 31 166 278 279 280 280 24324.38
30 99.9 56 185 279 279 279 279 25485.30
30 99.9 72 195 278 279 279 279 25394.33
30 99.9 92 214 280 280 280 280 24966.87
20 99.9 58 188 279 279 279 279 24033.69
20 99.9 33 151 277 277 277 277 23552.79
20 99.9 53 175 278 279 279 279 23633.13
10 99.9 60 189 279 279 279 279 23810.13
10 99.9 52 165 281 281 281 281 24584.73
10 99.9 75 213 277 279 280 280 23704.75
1 99.9 193 270 279 279 279 279 22422.52
1 99.9 208 272 279 279 280 280 22244.27
1 99.9 192 271 279 279 279 279 21984.03
