50 99.9 212 271 280 280 280 280 41432.23
50 99.9 210 275 279 279 280 280 43196.31
50 99.9 200 274 280 280 280 280 42609.56
40 99.9 215 276 282 282 282 282 42802.61
40 99.9 202 274 279 280 280 280 41186.23
40 99.9 213 273 279 279 279 279 43209.81
30 99.9 196 275 279 279 279 282 42826.46
30 99.9 208 276 282 282 282 282 38990.88
30 99.9 208 269 280 280 280 280 42038.72
20 99.9 209 273 279 279 279 279 42643.32
20 99.9 190 274 279 279 281 281 42907.59
20 99.9 199 275 279 279 279 279 40537.50
10 99.9 219 275 279 279 279 279 40051.90
10 99.9 195 276 280 280 280 280 39824.26
10 99.9 214 275 281 281 281 281 38072.73
1 99.9 198 275 280 280 280 280 18349.38
1 99.9 199 274 280 280 280 280 17726.33
1 99.9 213 276 279 279 279 279 18837.80
