50 99.9 53 173 276 278 279 279 25238.23
50 99.9 49 162 275 279 279 279 24527.05
50 99.9 57 191 279 279 279 279 25905.57
40 99.9 52 181 277 279 279 279 23360.44
40 99.9 52 177 276 279 279 279 24004.68
40 99.9 48 182 279 279 279 279 25709.37
30 99.9 58 202 279 279 279 279 25142.76
30 99.9 62 190 278 279 279 279 25607.43
30 99.9 58 201 281 282 282 282 24944.72
20 99.9 55 199 279 279 279 279 23656.94
20 99.9 69 203 280 280 280 280 26360.72
20 99.9 68 189 280 280 280 280 25624.79
10 99.9 58 198 278 279 279 279 28261.00
10 99.9 50 197 279 279 279 279 25660.32
10 99.9 55 188 279 280 280 280 26635.95
1 99.9 174 258 279 279 279 279 19125.72
1 99.9 131 241 279 279 279 279 19690.15
1 99.9 170 263 279 279 279 279 19730.62
